False [[1, 5, 2, 6, 3], [4], [], [], [], []]
False [[1, 5, 2, 6, 3], [], [4], [], [], []]
False [[1, 5, 2, 6], [3], [4], [], [], []]
False [[1, 5, 2, 6], [3], [], [4], [], []]
False [[1, 5, 2, 6], [3], [4], [], [], []]
False [[1, 5, 2, 6], [3, 4], [], [], [], []]
False [[1, 5, 2, 6], [3], [4], [], [], []]
False [[1, 5, 2, 6], [3, 4], [], [], [], []]
False [[1, 5, 2, 6], [3], [4], [], [], []]
False [[1, 5, 2, 6], [], [4, 3], [], [], []]
False [[1, 5, 2], [6], [4, 3], [], [], []]
False [[1, 5, 2, 6], [], [4, 3], [], [], []]
False [[1, 5, 2, 6], [], [4], [3], [], []]
False [[1, 5, 2, 6], [], [], [3, 4], [], []]
False [[1, 5, 2], [6], [], [3, 4], [], []]
False [[1, 5, 2], [], [6], [3, 4], [], []]
False [[1, 5], [2], [6], [3, 4], [], []]
False [[1, 5], [], [6, 2], [3, 4], [], []]
False [[1, 5], [], [6, 2, 4], [3], [], []]
False [[1, 5], [], [6, 2], [3, 4], [], []]
False [[1, 5], [], [6, 2], [3], [4], []]
False [[1], [5], [6, 2], [3], [4], []]
False [[1], [5], [6, 2, 3], [], [4], []]
False [[1], [5, 3], [6, 2], [], [4], []]
False [[1], [5, 3], [6], [2], [4], []]
False [[], [5, 3, 1], [6], [2], [4], []]
False [[1], [5, 3], [6], [2], [4], []]
False [[1], [5, 3], [6, 2], [], [4], []]
False [[1], [5, 3], [6], [2], [4], []]
False [[1], [5, 3], [6], [2, 4], [], []]
False [[1, 3], [5], [6], [2, 4], [], []]
False [[1, 3], [5], [], [2, 4, 6], [], []]
False [[1, 3], [5], [], [2, 4], [6], []]
False [[1, 3], [5], [], [2, 4], [], [6]]
False [[1, 3], [5], [4], [2], [], [6]]
False [[1, 3], [5], [4], [], [2], [6]]
False [[1, 3], [5], [4], [], [], [6, 2]]
False [[1], [5, 3], [4], [], [], [6, 2]]
False [[1], [5, 3, 4], [], [], [], [6, 2]]
False [[1], [5, 3, 4], [], [], [2], [6]]
False [[1], [5, 3, 4], [], [], [2, 6], []]
False [[1], [5, 3, 4], [], [6], [2], []]
False [[1], [5, 3], [4], [6], [2], []]
False [[1], [5, 3], [4], [6], [], [2]]
False [[], [5, 3, 1], [4], [6], [], [2]]
False [[], [5, 3, 1], [4, 6], [], [], [2]]
False [[], [5, 3], [4, 6, 1], [], [], [2]]
False [[], [5, 3, 1], [4, 6], [], [], [2]]
False [[], [5, 3], [4, 6, 1], [], [], [2]]
False [[], [5, 3], [4, 6], [1], [], [2]]
False [[], [5, 3, 6], [4], [1], [], [2]]
False [[6], [5, 3], [4], [1], [], [2]]
False [[6], [5], [4, 3], [1], [], [2]]
False [[6, 5], [], [4, 3], [1], [], [2]]
False [[6], [5], [4, 3], [1], [], [2]]
False [[6], [5], [4, 3, 1], [], [], [2]]
False [[6], [5, 1], [4, 3], [], [], [2]]
False [[6], [5, 1], [4, 3], [], [2], []]
False [[6, 1], [5], [4, 3], [], [2], []]
False [[6, 1], [5], [4, 3], [], [], [2]]
False [[6], [5, 1], [4, 3], [], [], [2]]
False [[6], [5, 1], [4, 3], [], [2], []]
False [[6], [5, 1, 3], [4], [], [2], []]
False [[6], [5, 1, 3], [], [4], [2], []]
False [[6, 3], [5, 1], [], [4], [2], []]
False [[6, 3], [5], [1], [4], [2], []]
False [[6, 3, 5], [], [1], [4], [2], []]
False [[6, 3, 5], [], [1], [], [2, 4], []]
False [[6, 3, 5], [], [1], [4], [2], []]
False [[6, 3], [5], [1], [4], [2], []]
False [[6, 3], [5], [1, 4], [], [2], []]
False [[6, 3], [5], [1], [4], [2], []]
False [[6, 3], [5], [1], [], [2, 4], []]
False [[6, 3], [5], [1], [4], [2], []]
False [[6, 3], [5], [], [4, 1], [2], []]
False [[6, 3], [5], [], [4], [2, 1], []]
False [[6, 3, 5], [], [], [4], [2, 1], []]
False [[6, 3, 5], [], [4], [], [2, 1], []]
False [[6, 3], [5], [4], [], [2, 1], []]
False [[6], [5, 3], [4], [], [2, 1], []]
False [[], [5, 3, 6], [4], [], [2, 1], []]
False [[], [5, 3, 6, 4], [], [], [2, 1], []]
False [[], [5, 3, 6, 4], [], [1], [2], []]
False [[], [5, 3, 6, 4], [], [1, 2], [], []]
False [[4], [5, 3, 6], [], [1, 2], [], []]
False [[4], [5, 3, 6], [], [1], [2], []]
False [[4], [5, 3, 6], [], [], [2, 1], []]
False [[4], [5, 3, 6], [], [1], [2], []]
False [[], [5, 3, 6, 4], [], [1], [2], []]
False [[], [5, 3, 6, 4], [], [1, 2], [], []]
False [[], [5, 3, 6, 4], [2], [1], [], []]
False [[], [5, 3, 6, 4], [], [1, 2], [], []]
False [[], [5, 3, 6, 4], [], [1], [2], []]
False [[], [5, 3, 6, 4], [], [], [2, 1], []]
False [[], [5, 3, 6, 4], [], [], [2], [1]]
False [[], [5, 3, 6, 4], [], [], [2, 1], []]
False [[4], [5, 3, 6], [], [], [2, 1], []]
False [[4, 6], [5, 3], [], [], [2, 1], []]
False [[4, 6], [5], [3], [], [2, 1], []]
False [[4, 6], [], [3, 5], [], [2, 1], []]
False [[4, 6], [], [3], [5], [2, 1], []]
False [[4, 6], [], [3, 5], [], [2, 1], []]
False [[4], [6], [3, 5], [], [2, 1], []]
False [[], [6, 4], [3, 5], [], [2, 1], []]
False [[], [6, 4], [3, 5], [], [2], [1]]
False [[], [6, 4], [3], [5], [2], [1]]
False [[], [6], [3, 4], [5], [2], [1]]
False [[], [6], [3, 4, 5], [], [2], [1]]
False [[], [], [3, 4, 5, 6], [], [2], [1]]
False [[], [6], [3, 4, 5], [], [2], [1]]
False [[], [6], [3, 4, 5], [], [2, 1], []]
False [[], [6, 5], [3, 4], [], [2, 1], []]
False [[], [6], [3, 4, 5], [], [2, 1], []]
False [[], [], [3, 4, 5, 6], [], [2, 1], []]
False [[], [6], [3, 4, 5], [], [2, 1], []]
False [[], [], [3, 4, 5, 6], [], [2, 1], []]
False [[], [], [3, 4, 5], [6], [2, 1], []]
False [[], [], [3, 4, 5], [], [2, 1, 6], []]
False [[], [], [3, 4, 5], [6], [2, 1], []]
False [[], [5], [3, 4], [6], [2, 1], []]
False [[], [5], [3, 4], [6, 1], [2], []]
False [[], [5], [3], [6, 1, 4], [2], []]
False [[], [5], [3, 4], [6, 1], [2], []]
False [[], [5], [3, 4], [6, 1], [], [2]]
False [[], [5], [3, 4], [6, 1], [2], []]
False [[], [5], [3, 4, 1], [6], [2], []]
False [[], [5, 1], [3, 4], [6], [2], []]
False [[], [5, 1], [3, 4], [6, 2], [], []]
False [[], [5, 1, 4], [3], [6, 2], [], []]
False [[], [5, 1], [3, 4], [6, 2], [], []]
False [[], [5, 1, 4], [3], [6, 2], [], []]
False [[], [5, 1, 4], [], [6, 2, 3], [], []]
False [[4], [5, 1], [], [6, 2, 3], [], []]
False [[4], [5, 1], [3], [6, 2], [], []]
False [[4, 1], [5], [3], [6, 2], [], []]
False [[4, 1], [], [3, 5], [6, 2], [], []]
False [[4, 1], [5], [3], [6, 2], [], []]
False [[4, 1], [5, 3], [], [6, 2], [], []]
False [[4, 1], [5, 3], [2], [6], [], []]
False [[4, 1], [5], [2, 3], [6], [], []]
False [[4], [5, 1], [2, 3], [6], [], []]
False [[4, 1], [5], [2, 3], [6], [], []]
False [[4, 1], [5, 3], [2], [6], [], []]
False [[4, 1], [5, 3], [2], [], [6], []]
False [[4], [5, 3, 1], [2], [], [6], []]
False [[4], [5, 3, 1], [2], [], [], [6]]
False [[4], [5, 3], [2, 1], [], [], [6]]
False [[], [5, 3, 4], [2, 1], [], [], [6]]
False [[], [5, 3, 4], [2], [1], [], [6]]
False [[], [5, 3, 4], [2], [1], [6], []]
False [[], [5, 3, 4], [2], [], [6, 1], []]
False [[], [5, 3, 4], [2], [1], [6], []]
False [[], [5, 3, 4], [2], [], [6, 1], []]
False [[], [5, 3, 4], [2], [1], [6], []]
False [[], [5, 3, 4], [2], [1], [], [6]]
False [[], [5, 3, 4], [2], [1], [6], []]
False [[], [5, 3, 4], [2], [1], [], [6]]
False [[], [5, 3, 4], [2], [1], [6], []]
False [[], [5, 3, 4], [2], [], [6, 1], []]
False [[], [5, 3], [2, 4], [], [6, 1], []]
False [[], [5, 3, 4], [2], [], [6, 1], []]
False [[], [5, 3], [2, 4], [], [6, 1], []]
False [[], [5, 3], [2, 4], [], [6], [1]]
False [[], [5, 3], [2, 4], [], [], [1, 6]]
False [[], [5, 3, 4], [2], [], [], [1, 6]]
False [[4], [5, 3], [2], [], [], [1, 6]]
False [[4], [5, 3], [], [2], [], [1, 6]]
False [[], [5, 3, 4], [], [2], [], [1, 6]]
False [[], [5, 3], [4], [2], [], [1, 6]]
False [[], [5, 3], [], [2, 4], [], [1, 6]]
False [[], [5, 3], [], [2, 4], [6], [1]]
False [[], [5, 3], [], [2], [6, 4], [1]]
False [[], [5, 3], [], [2], [6, 4, 1], []]
False [[3], [5], [], [2], [6, 4, 1], []]
False [[3], [], [5], [2], [6, 4, 1], []]
False [[3], [], [5, 2], [], [6, 4, 1], []]
False [[3], [], [5, 2], [1], [6, 4], []]
False [[3], [], [5, 2], [1, 4], [6], []]
False [[3], [], [5, 2], [1, 4], [], [6]]
False [[3], [], [5], [1, 4, 2], [], [6]]
False [[3], [], [], [1, 4, 2, 5], [], [6]]
False [[], [3], [], [1, 4, 2, 5], [], [6]]
False [[], [3], [], [1, 4, 2], [5], [6]]
False [[], [3], [], [1, 4, 2], [], [6, 5]]
False [[], [], [3], [1, 4, 2], [], [6, 5]]
False [[], [], [3], [1, 4], [2], [6, 5]]
False [[], [3], [], [1, 4], [2], [6, 5]]
False [[], [], [3], [1, 4], [2], [6, 5]]
False [[], [], [], [1, 4, 3], [2], [6, 5]]
False [[], [], [], [1, 4, 3], [2, 5], [6]]
False [[], [], [], [1, 4, 3, 5], [2], [6]]
False [[], [], [], [1, 4, 3, 5], [2, 6], []]
False [[], [], [], [1, 4, 3], [2, 6, 5], []]
False [[], [], [3], [1, 4], [2, 6, 5], []]
False [[], [], [3], [1, 4], [2, 6], [5]]
False [[], [], [3], [1, 4, 6], [2], [5]]
False [[], [], [], [1, 4, 6, 3], [2], [5]]
False [[], [], [], [1, 4, 6, 3], [2, 5], []]
False [[], [], [3], [1, 4, 6], [2, 5], []]
False [[], [], [3], [1, 4], [2, 5, 6], []]
False [[], [], [3, 4], [1], [2, 5, 6], []]
False [[], [4], [3], [1], [2, 5, 6], []]
False [[], [4], [3], [1], [2, 5], [6]]
False [[], [4], [3], [1], [2], [6, 5]]
False [[], [4], [3], [], [2, 1], [6, 5]]
False [[], [4], [3], [], [2, 1, 5], [6]]
False [[], [4], [3], [], [2, 1], [6, 5]]
False [[], [4], [], [3], [2, 1], [6, 5]]
False [[], [4], [], [3], [2], [6, 5, 1]]
False [[], [4], [], [3], [], [6, 5, 1, 2]]
False [[], [4], [], [], [3], [6, 5, 1, 2]]
False [[], [4], [], [3], [], [6, 5, 1, 2]]
False [[], [4], [], [], [3], [6, 5, 1, 2]]
False [[], [], [4], [], [3], [6, 5, 1, 2]]
False [[], [], [4], [], [3, 2], [6, 5, 1]]
False [[], [4], [], [], [3, 2], [6, 5, 1]]
False [[], [4], [], [2], [3], [6, 5, 1]]
False [[4], [], [], [2], [3], [6, 5, 1]]
False [[4], [], [], [2, 3], [], [6, 5, 1]]
False [[4], [], [3], [2], [], [6, 5, 1]]
False [[4], [], [3], [], [2], [6, 5, 1]]
False [[4], [3], [], [], [2], [6, 5, 1]]
False [[4], [], [3], [], [2], [6, 5, 1]]
False [[], [4], [3], [], [2], [6, 5, 1]]
False [[], [4], [3], [2], [], [6, 5, 1]]
False [[], [4], [3], [2], [1], [6, 5]]
False [[], [4], [], [2, 3], [1], [6, 5]]
False [[], [4], [], [2, 3], [1, 5], [6]]
False [[], [4], [], [2, 3], [1], [6, 5]]
False [[], [4], [], [2, 3], [1, 5], [6]]
False [[4], [], [], [2, 3], [1, 5], [6]]
False [[4], [], [], [2], [1, 5, 3], [6]]
False [[4], [], [2], [], [1, 5, 3], [6]]
False [[4], [], [2], [], [1, 5], [6, 3]]
False [[4], [], [2], [], [1], [6, 3, 5]]
False [[4], [], [2], [1], [], [6, 3, 5]]
False [[4], [], [2, 1], [], [], [6, 3, 5]]
False [[], [4], [2, 1], [], [], [6, 3, 5]]
False [[4], [], [2, 1], [], [], [6, 3, 5]]
False [[4], [1], [2], [], [], [6, 3, 5]]
False [[], [1, 4], [2], [], [], [6, 3, 5]]
False [[], [1, 4], [], [2], [], [6, 3, 5]]
False [[], [1], [4], [2], [], [6, 3, 5]]
False [[], [1], [4], [2], [5], [6, 3]]
False [[], [1], [], [2, 4], [5], [6, 3]]
False [[], [1], [], [2, 4], [], [6, 3, 5]]
False [[], [1], [], [2], [4], [6, 3, 5]]
False [[], [1], [], [2], [], [6, 3, 5, 4]]
False [[], [1], [], [], [2], [6, 3, 5, 4]]
False [[1], [], [], [], [2], [6, 3, 5, 4]]
False [[1], [], [], [], [], [6, 3, 5, 4, 2]]
False [[], [1], [], [], [], [6, 3, 5, 4, 2]]
False [[], [], [1], [], [], [6, 3, 5, 4, 2]]
False [[], [], [1], [], [2], [6, 3, 5, 4]]
False [[], [1], [], [], [2], [6, 3, 5, 4]]
False [[], [1], [], [2], [], [6, 3, 5, 4]]
False [[], [1], [], [], [2], [6, 3, 5, 4]]
False [[], [1], [], [2], [], [6, 3, 5, 4]]
False [[1], [], [], [2], [], [6, 3, 5, 4]]
False [[], [1], [], [2], [], [6, 3, 5, 4]]
False [[], [1], [2], [], [], [6, 3, 5, 4]]
False [[1], [], [2], [], [], [6, 3, 5, 4]]
False [[1], [2], [], [], [], [6, 3, 5, 4]]
False [[], [2, 1], [], [], [], [6, 3, 5, 4]]
False [[], [2, 1], [], [], [4], [6, 3, 5]]
False [[], [2, 1], [], [], [4, 5], [6, 3]]
False [[1], [2], [], [], [4, 5], [6, 3]]
False [[1], [2], [], [], [4], [6, 3, 5]]
False [[1, 2], [], [], [], [4], [6, 3, 5]]
False [[1], [2], [], [], [4], [6, 3, 5]]
False [[], [2, 1], [], [], [4], [6, 3, 5]]
False [[], [2, 1], [], [], [], [6, 3, 5, 4]]
False [[], [2], [1], [], [], [6, 3, 5, 4]]
False [[], [], [1, 2], [], [], [6, 3, 5, 4]]
False [[], [2], [1], [], [], [6, 3, 5, 4]]
False [[2], [], [1], [], [], [6, 3, 5, 4]]
False [[], [2], [1], [], [], [6, 3, 5, 4]]
False [[], [], [1, 2], [], [], [6, 3, 5, 4]]
False [[], [2], [1], [], [], [6, 3, 5, 4]]
False [[], [], [1, 2], [], [], [6, 3, 5, 4]]
False [[], [2], [1], [], [], [6, 3, 5, 4]]
False [[2], [], [1], [], [], [6, 3, 5, 4]]
False [[2], [1], [], [], [], [6, 3, 5, 4]]
False [[2], [1], [], [], [4], [6, 3, 5]]
False [[2], [1], [], [], [4, 5], [6, 3]]
False [[2], [1], [], [5], [4], [6, 3]]
False [[2], [1], [], [5, 4], [], [6, 3]]
False [[2], [1], [], [5], [4], [6, 3]]
False [[2], [], [1], [5], [4], [6, 3]]
False [[], [2], [1], [5], [4], [6, 3]]
False [[], [2], [1], [], [4, 5], [6, 3]]
False [[], [2], [], [1], [4, 5], [6, 3]]
False [[], [2], [1], [], [4, 5], [6, 3]]
False [[], [2, 1], [], [], [4, 5], [6, 3]]
False [[], [2], [1], [], [4, 5], [6, 3]]
False [[], [2, 1], [], [], [4, 5], [6, 3]]
False [[], [2], [1], [], [4, 5], [6, 3]]
False [[], [2], [1], [], [4, 5, 3], [6]]
False [[], [2, 1], [], [], [4, 5, 3], [6]]
False [[], [2, 1], [], [3], [4, 5], [6]]
False [[], [2, 1], [], [3], [4], [6, 5]]
False [[], [2], [1], [3], [4], [6, 5]]
False [[], [2, 1], [], [3], [4], [6, 5]]
False [[], [2, 1], [], [3, 4], [], [6, 5]]
False [[], [2, 1], [], [3], [4], [6, 5]]
False [[], [2, 1], [], [3], [4, 5], [6]]
False [[], [2, 1], [], [], [4, 5, 3], [6]]
False [[], [2, 1], [], [3], [4, 5], [6]]
False [[], [2], [1], [3], [4, 5], [6]]
False [[], [2], [1, 3], [], [4, 5], [6]]
False [[2], [], [1, 3], [], [4, 5], [6]]
False [[2], [], [1], [3], [4, 5], [6]]
False [[2], [], [], [3, 1], [4, 5], [6]]
False [[2], [], [], [3, 1], [4, 5, 6], []]
False [[2], [], [], [3, 1], [4, 5], [6]]
False [[2], [], [], [3, 1, 5], [4], [6]]
False [[2], [], [], [3, 1, 5], [4, 6], []]
False [[2], [], [], [3, 1], [4, 6, 5], []]
False [[2], [], [1], [3], [4, 6, 5], []]
False [[2], [], [], [3, 1], [4, 6, 5], []]
False [[2], [], [], [3], [4, 6, 5, 1], []]
False [[2], [], [], [3], [4, 6, 5], [1]]
False [[], [2], [], [3], [4, 6, 5], [1]]
False [[2], [], [], [3], [4, 6, 5], [1]]
False [[2], [], [], [3, 5], [4, 6], [1]]
False [[2], [], [5], [3], [4, 6], [1]]
False [[2], [], [5], [3], [4, 6, 1], []]
False [[2], [], [5], [3], [4, 6], [1]]
False [[2], [], [], [3, 5], [4, 6], [1]]
False [[2], [], [], [3, 5], [4], [1, 6]]
False [[2], [], [], [3, 5], [], [1, 6, 4]]
False [[], [2], [], [3, 5], [], [1, 6, 4]]
False [[2], [], [], [3, 5], [], [1, 6, 4]]
False [[2], [], [], [3], [5], [1, 6, 4]]
False [[2], [], [3], [], [5], [1, 6, 4]]
False [[2], [], [3], [], [5, 4], [1, 6]]
False [[], [2], [3], [], [5, 4], [1, 6]]
False [[], [2], [3], [], [5], [1, 6, 4]]
False [[], [2], [], [3], [5], [1, 6, 4]]
False [[], [2], [], [3], [], [1, 6, 4, 5]]
False [[2], [], [], [3], [], [1, 6, 4, 5]]
False [[], [2], [], [3], [], [1, 6, 4, 5]]
False [[], [], [2], [3], [], [1, 6, 4, 5]]
False [[], [2], [], [3], [], [1, 6, 4, 5]]
False [[], [2], [], [3], [5], [1, 6, 4]]
False [[2], [], [], [3], [5], [1, 6, 4]]
False [[], [2], [], [3], [5], [1, 6, 4]]
False [[], [2], [], [3], [5, 4], [1, 6]]
False [[], [2], [], [3], [5], [1, 6, 4]]
False [[], [], [2], [3], [5], [1, 6, 4]]
False [[], [], [], [3, 2], [5], [1, 6, 4]]
False [[], [], [], [3, 2], [], [1, 6, 4, 5]]
False [[], [], [2], [3], [], [1, 6, 4, 5]]
False [[], [2], [], [3], [], [1, 6, 4, 5]]
False [[], [2], [3], [], [], [1, 6, 4, 5]]
False [[], [], [3, 2], [], [], [1, 6, 4, 5]]
False [[], [], [3], [2], [], [1, 6, 4, 5]]
False [[], [], [3], [2], [5], [1, 6, 4]]
False [[], [], [3], [2], [], [1, 6, 4, 5]]
False [[], [], [3], [], [2], [1, 6, 4, 5]]
False [[], [], [], [3], [2], [1, 6, 4, 5]]
False [[], [], [], [], [2, 3], [1, 6, 4, 5]]
False [[], [], [], [], [2], [1, 6, 4, 5, 3]]
False [[], [], [], [2], [], [1, 6, 4, 5, 3]]
False [[], [], [], [], [2], [1, 6, 4, 5, 3]]
False [[], [], [], [2], [], [1, 6, 4, 5, 3]]
False [[], [], [], [], [2], [1, 6, 4, 5, 3]]
False [[], [], [], [], [], [1, 6, 4, 5, 3, 2]]
False [[], [], [], [], [2], [1, 6, 4, 5, 3]]
False [[], [], [], [], [2, 3], [1, 6, 4, 5]]
False [[], [], [], [], [2, 3, 5], [1, 6, 4]]
False [[], [], [], [], [2, 3, 5, 4], [1, 6]]
False [[], [], [], [], [2, 3, 5, 4, 6], [1]]
False [[], [], [], [], [2, 3, 5, 4, 6, 1], []]
False [[], [], [], [1], [2, 3, 5, 4, 6], []]
False [[], [], [1], [], [2, 3, 5, 4, 6], []]
False [[], [], [], [1], [2, 3, 5, 4, 6], []]
False [[], [], [1], [], [2, 3, 5, 4, 6], []]
False [[], [], [1], [6], [2, 3, 5, 4], []]
False [[], [], [1], [6], [2, 3, 5], [4]]
False [[], [], [1], [], [2, 3, 5, 6], [4]]
False [[], [], [], [1], [2, 3, 5, 6], [4]]
False [[], [], [1], [], [2, 3, 5, 6], [4]]
False [[], [], [], [1], [2, 3, 5, 6], [4]]
False [[], [], [1], [], [2, 3, 5, 6], [4]]
False [[], [], [1], [], [2, 3, 5], [4, 6]]
False [[], [], [1], [], [2, 3, 5, 6], [4]]
False [[], [1], [], [], [2, 3, 5, 6], [4]]
False [[], [1], [], [6], [2, 3, 5], [4]]
False [[], [1], [], [6, 5], [2, 3], [4]]
False [[], [1], [5], [6], [2, 3], [4]]
False [[], [], [5, 1], [6], [2, 3], [4]]
False [[], [], [5], [6, 1], [2, 3], [4]]
False [[], [], [5], [6], [2, 3, 1], [4]]
False [[], [5], [], [6], [2, 3, 1], [4]]
False [[], [5], [6], [], [2, 3, 1], [4]]
False [[], [5], [6], [], [2, 3, 1, 4], []]
False [[], [5], [], [6], [2, 3, 1, 4], []]
False [[], [], [5], [6], [2, 3, 1, 4], []]
False [[], [], [], [6, 5], [2, 3, 1, 4], []]
False [[], [], [5], [6], [2, 3, 1, 4], []]
False [[], [], [5], [], [2, 3, 1, 4, 6], []]
False [[], [], [5], [6], [2, 3, 1, 4], []]
False [[], [], [], [6, 5], [2, 3, 1, 4], []]
False [[], [], [5], [6], [2, 3, 1, 4], []]
False [[], [], [5], [], [2, 3, 1, 4, 6], []]
False [[], [], [], [5], [2, 3, 1, 4, 6], []]
False [[], [], [], [], [2, 3, 1, 4, 6, 5], []]
False [[], [], [], [5], [2, 3, 1, 4, 6], []]
False [[], [], [], [5, 6], [2, 3, 1, 4], []]
False [[], [], [], [5, 6], [2, 3, 1], [4]]
False [[], [], [], [5, 6], [2, 3], [4, 1]]
False [[], [], [], [5, 6], [2, 3, 1], [4]]
False [[], [], [], [5, 6], [2, 3, 1, 4], []]
False [[], [], [], [5], [2, 3, 1, 4, 6], []]
False [[], [], [], [5], [2, 3, 1, 4], [6]]
False [[], [], [], [5], [2, 3, 1, 4, 6], []]
False [[], [], [], [], [2, 3, 1, 4, 6, 5], []]
False [[], [], [], [5], [2, 3, 1, 4, 6], []]
False [[], [], [], [5, 6], [2, 3, 1, 4], []]
False [[], [], [], [5, 6], [2, 3, 1], [4]]
False [[], [], [], [5], [2, 3, 1, 6], [4]]
False [[], [], [], [5], [2, 3, 1, 6, 4], []]
False [[], [], [], [5], [2, 3, 1, 6], [4]]
False [[], [], [], [], [2, 3, 1, 6, 5], [4]]
False [[], [], [], [], [2, 3, 1, 6], [4, 5]]
False [[], [], [], [], [2, 3, 1, 6, 5], [4]]
False [[], [], [], [], [2, 3, 1, 6, 5, 4], []]
False [[], [], [], [], [2, 3, 1, 6, 5], [4]]
False [[], [], [], [5], [2, 3, 1, 6], [4]]
False [[], [], [], [5], [2, 3, 1], [4, 6]]
False [[], [], [], [5], [2, 3, 1, 6], [4]]
False [[], [], [], [5, 6], [2, 3, 1], [4]]
False [[], [], [], [5, 6], [2, 3, 1, 4], []]
False [[], [], [], [5], [2, 3, 1, 4, 6], []]
False [[], [], [5], [], [2, 3, 1, 4, 6], []]
False [[], [], [], [5], [2, 3, 1, 4, 6], []]
False [[], [], [5], [], [2, 3, 1, 4, 6], []]
False [[], [], [5], [6], [2, 3, 1, 4], []]
False [[], [], [5], [6, 4], [2, 3, 1], []]
False [[], [], [5], [6, 4, 1], [2, 3], []]
False [[], [5], [], [6, 4, 1], [2, 3], []]
False [[], [5], [], [6, 4, 1, 3], [2], []]
False [[], [5], [], [6, 4, 1, 3, 2], [], []]
False [[5], [], [], [6, 4, 1, 3, 2], [], []]
False [[5], [], [2], [6, 4, 1, 3], [], []]
False [[5], [], [], [6, 4, 1, 3, 2], [], []]
False [[5], [], [2], [6, 4, 1, 3], [], []]
False [[5], [], [], [6, 4, 1, 3, 2], [], []]
False [[5], [], [], [6, 4, 1, 3], [2], []]
False [[5], [], [], [6, 4, 1, 3, 2], [], []]
False [[5], [], [], [6, 4, 1, 3], [2], []]
False [[5], [], [], [6, 4, 1], [2, 3], []]
False [[5], [], [1], [6, 4], [2, 3], []]
False [[5], [], [1], [6, 4, 3], [2], []]
False [[5], [1], [], [6, 4, 3], [2], []]
False [[5, 1], [], [], [6, 4, 3], [2], []]
False [[5, 1], [], [3], [6, 4], [2], []]
False [[5, 1], [], [], [6, 4, 3], [2], []]
False [[5], [1], [], [6, 4, 3], [2], []]
False [[5], [], [1], [6, 4, 3], [2], []]
False [[5], [], [1], [6, 4], [2, 3], []]
False [[], [5], [1], [6, 4], [2, 3], []]
False [[], [5], [1, 4], [6], [2, 3], []]
False [[], [5], [1, 4, 6], [], [2, 3], []]
False [[], [5, 6], [1, 4], [], [2, 3], []]
False [[], [5, 6], [1], [4], [2, 3], []]
False [[6], [5], [1], [4], [2, 3], []]
False [[6], [5], [1], [4, 3], [2], []]
False [[6], [], [1, 5], [4, 3], [2], []]
False [[6], [], [1, 5, 3], [4], [2], []]
False [[6], [], [1, 5, 3], [4, 2], [], []]
False [[6], [], [1, 5, 3], [4], [2], []]
False [[6], [], [1, 5, 3], [], [2, 4], []]
False [[6], [], [1, 5], [3], [2, 4], []]
False [[6], [5], [1], [3], [2, 4], []]
False [[6], [5], [1], [3], [2], [4]]
False [[6], [], [1, 5], [3], [2], [4]]
False [[6], [], [1, 5], [3, 2], [], [4]]
False [[6], [], [1, 5], [3], [2], [4]]
False [[6], [], [1, 5, 3], [], [2], [4]]
False [[6], [], [1, 5, 3], [], [2, 4], []]
False [[6], [], [1, 5], [3], [2, 4], []]
False [[], [6], [1, 5], [3], [2, 4], []]
False [[], [6], [1], [3, 5], [2, 4], []]
False [[], [6, 1], [], [3, 5], [2, 4], []]
False [[], [6, 1], [], [3], [2, 4, 5], []]
False [[], [6], [1], [3], [2, 4, 5], []]
False [[], [6], [1], [3], [2, 4], [5]]
False [[], [6], [1], [], [2, 4, 3], [5]]
False [[], [6], [1], [], [2, 4, 3, 5], []]
False [[], [], [1, 6], [], [2, 4, 3, 5], []]
False [[], [], [1], [6], [2, 4, 3, 5], []]
False [[], [], [1], [6, 5], [2, 4, 3], []]
False [[], [], [1], [6, 5], [2, 4], [3]]
False [[], [1], [], [6, 5], [2, 4], [3]]
False [[], [1], [], [6], [2, 4, 5], [3]]
False [[], [1], [], [6], [2, 4], [3, 5]]
False [[], [], [1], [6], [2, 4], [3, 5]]
False [[], [], [1, 6], [], [2, 4], [3, 5]]
False [[], [6], [1], [], [2, 4], [3, 5]]
False [[6], [], [1], [], [2, 4], [3, 5]]
False [[], [6], [1], [], [2, 4], [3, 5]]
False [[6], [], [1], [], [2, 4], [3, 5]]
False [[6], [], [1], [], [2, 4, 5], [3]]
False [[6], [], [1], [], [2, 4], [3, 5]]
False [[6], [], [], [1], [2, 4], [3, 5]]
False [[6], [], [], [1], [2], [3, 5, 4]]
False [[6], [], [], [], [2, 1], [3, 5, 4]]
False [[6], [], [], [], [2], [3, 5, 4, 1]]
False [[6], [], [], [], [], [3, 5, 4, 1, 2]]
False [[6], [], [], [], [2], [3, 5, 4, 1]]
False [[6], [], [], [], [], [3, 5, 4, 1, 2]]
False [[6], [], [], [], [2], [3, 5, 4, 1]]
False [[6], [], [], [], [2, 1], [3, 5, 4]]
False [[6], [], [], [1], [2], [3, 5, 4]]
False [[], [6], [], [1], [2], [3, 5, 4]]
False [[], [6], [1], [], [2], [3, 5, 4]]
False [[], [6, 1], [], [], [2], [3, 5, 4]]
False [[], [6, 1], [], [2], [], [3, 5, 4]]
False [[], [6, 1], [2], [], [], [3, 5, 4]]
False [[], [6, 1, 2], [], [], [], [3, 5, 4]]
False [[], [6, 1, 2], [], [], [4], [3, 5]]
False [[], [6, 1, 2], [], [], [], [3, 5, 4]]
False [[], [6, 1], [2], [], [], [3, 5, 4]]
False [[1], [6], [2], [], [], [3, 5, 4]]
False [[1], [], [2, 6], [], [], [3, 5, 4]]
False [[1], [6], [2], [], [], [3, 5, 4]]
False [[], [6, 1], [2], [], [], [3, 5, 4]]
False [[], [6, 1], [2], [], [4], [3, 5]]
False [[1], [6], [2], [], [4], [3, 5]]
False [[1], [6], [], [2], [4], [3, 5]]
False [[1], [6], [2], [], [4], [3, 5]]
False [[1], [6], [2], [4], [], [3, 5]]
False [[1, 6], [], [2], [4], [], [3, 5]]
False [[1, 6], [2], [], [4], [], [3, 5]]
False [[1, 6], [2], [4], [], [], [3, 5]]
False [[1, 6], [2, 4], [], [], [], [3, 5]]
False [[1], [2, 4, 6], [], [], [], [3, 5]]
False [[], [2, 4, 6, 1], [], [], [], [3, 5]]
False [[], [2, 4, 6, 1], [], [], [5], [3]]
False [[], [2, 4, 6, 1], [], [5], [], [3]]
False [[], [2, 4, 6, 1], [], [5], [3], []]
False [[], [2, 4, 6], [1], [5], [3], []]
False [[], [2, 4, 6], [], [5, 1], [3], []]
False [[], [2, 4, 6], [], [5, 1, 3], [], []]
False [[6], [2, 4], [], [5, 1, 3], [], []]
False [[6, 4], [2], [], [5, 1, 3], [], []]
False [[6, 4], [2], [3], [5, 1], [], []]
False [[6, 4, 2], [], [3], [5, 1], [], []]
False [[6, 4, 2], [3], [], [5, 1], [], []]
False [[6, 4], [3, 2], [], [5, 1], [], []]
False [[6, 4], [3, 2], [], [5], [1], []]
False [[6, 4], [3], [2], [5], [1], []]
False [[6], [3, 4], [2], [5], [1], []]
False [[6], [3, 4], [2], [5], [], [1]]
False [[6], [3, 4], [], [5, 2], [], [1]]
False [[], [3, 4, 6], [], [5, 2], [], [1]]
False [[], [3, 4, 6], [2], [5], [], [1]]
False [[], [3, 4, 6], [2, 5], [], [], [1]]
False [[], [3, 4], [2, 5, 6], [], [], [1]]
False [[], [3, 4], [2, 5, 6], [], [1], []]
False [[], [3, 4], [2, 5], [6], [1], []]
False [[], [3], [2, 5, 4], [6], [1], []]
False [[], [3], [2, 5, 4, 6], [], [1], []]
False [[], [3], [2, 5, 4, 6], [], [], [1]]
False [[], [3], [2, 5, 4, 6], [], [1], []]
False [[], [3, 6], [2, 5, 4], [], [1], []]
False [[], [3, 6], [2, 5, 4], [], [], [1]]
False [[], [3], [2, 5, 4, 6], [], [], [1]]
False [[3], [], [2, 5, 4, 6], [], [], [1]]
False [[3], [6], [2, 5, 4], [], [], [1]]
False [[3], [], [2, 5, 4, 6], [], [], [1]]
False [[3], [], [2, 5, 4, 6], [], [1], []]
False [[3], [], [2, 5, 4, 6], [], [], [1]]
False [[3], [], [2, 5, 4, 6], [], [1], []]
False [[3], [], [2, 5, 4, 6], [1], [], []]
False [[], [3], [2, 5, 4, 6], [1], [], []]
False [[3], [], [2, 5, 4, 6], [1], [], []]
False [[3], [], [2, 5, 4, 6], [], [1], []]
False [[3], [6], [2, 5, 4], [], [1], []]
False [[3], [6, 4], [2, 5], [], [1], []]
False [[3], [6, 4], [2, 5], [], [], [1]]
False [[3], [6, 4], [2, 5], [], [1], []]
False [[3], [6, 4], [2, 5], [], [], [1]]
False [[3, 4], [6], [2, 5], [], [], [1]]
False [[3, 4], [], [2, 5, 6], [], [], [1]]
False [[3, 4], [], [2, 5], [6], [], [1]]
False [[3, 4], [], [2, 5, 6], [], [], [1]]
False [[3, 4], [], [2, 5], [6], [], [1]]
False [[3], [4], [2, 5], [6], [], [1]]
False [[3], [4], [2, 5, 6], [], [], [1]]
False [[3], [4, 6], [2, 5], [], [], [1]]
False [[], [4, 6, 3], [2, 5], [], [], [1]]
False [[], [4, 6, 3], [2], [5], [], [1]]
False [[], [4, 6, 3], [], [5, 2], [], [1]]
False [[], [4, 6], [3], [5, 2], [], [1]]
False [[], [4], [3, 6], [5, 2], [], [1]]
False [[], [], [3, 6, 4], [5, 2], [], [1]]
False [[], [], [3, 6, 4], [5], [2], [1]]
False [[], [], [3, 6, 4, 5], [], [2], [1]]
False [[], [], [3, 6, 4, 5], [], [2, 1], []]
False [[], [], [3, 6, 4, 5], [1], [2], []]
False [[], [], [3, 6, 4, 5], [], [2, 1], []]
False [[], [], [3, 6, 4, 5], [1], [2], []]
False [[], [], [3, 6, 4, 5], [1], [], [2]]
False [[], [], [3, 6, 4, 5, 1], [], [], [2]]
False [[], [], [3, 6, 4, 5], [1], [], [2]]
False [[], [], [3, 6, 4], [1, 5], [], [2]]
False [[], [], [3, 6, 4], [1, 5], [2], []]
False [[], [], [3, 6, 4], [1, 5, 2], [], []]
False [[], [], [3, 6, 4], [1, 5], [2], []]
False [[], [], [3, 6], [1, 5, 4], [2], []]
False [[], [], [3, 6], [1, 5], [2, 4], []]
False [[], [], [3, 6, 5], [1], [2, 4], []]
False [[], [], [3, 6, 5], [], [2, 4, 1], []]
False [[], [], [3, 6], [5], [2, 4, 1], []]
False [[], [6], [3], [5], [2, 4, 1], []]
False [[], [6], [3, 5], [], [2, 4, 1], []]
False [[], [6], [3, 5], [], [2, 4], [1]]
False [[], [6], [3], [5], [2, 4], [1]]
False [[], [6], [3], [5, 4], [2], [1]]
False [[], [6], [3], [5], [2, 4], [1]]
False [[6], [], [3], [5], [2, 4], [1]]
False [[6], [], [3, 5], [], [2, 4], [1]]
False [[6], [], [3, 5], [4], [2], [1]]
False [[6], [], [3, 5], [4, 2], [], [1]]
False [[6], [], [3], [4, 2, 5], [], [1]]
False [[6], [], [3], [4, 2], [5], [1]]
False [[6], [], [], [4, 2, 3], [5], [1]]
False [[6], [], [], [4, 2, 3], [], [1, 5]]
False [[6], [], [3], [4, 2], [], [1, 5]]
False [[6], [], [3], [4, 2], [5], [1]]
False [[6], [], [], [4, 2, 3], [5], [1]]
False [[6], [], [], [4, 2], [5, 3], [1]]
False [[6], [], [], [4, 2, 3], [5], [1]]
False [[6], [], [], [4, 2, 3, 5], [], [1]]
False [[6], [], [], [4, 2, 3], [5], [1]]
False [[6], [], [], [4, 2, 3], [], [1, 5]]
False [[], [6], [], [4, 2, 3], [], [1, 5]]
False [[6], [], [], [4, 2, 3], [], [1, 5]]
False [[6], [], [3], [4, 2], [], [1, 5]]
False [[6], [3], [], [4, 2], [], [1, 5]]
False [[6], [3], [], [4, 2], [5], [1]]
False [[6], [3], [], [4, 2, 5], [], [1]]
False [[6], [3], [], [4, 2], [5], [1]]
False [[6, 3], [], [], [4, 2], [5], [1]]
False [[6, 3], [], [], [4], [5, 2], [1]]
False [[6, 3], [], [], [4], [5, 2, 1], []]
False [[6, 3], [], [], [4, 1], [5, 2], []]
False [[6, 3], [], [], [4, 1], [5], [2]]
False [[6, 3], [], [], [4, 1, 5], [], [2]]
False [[6, 3], [], [], [4, 1], [5], [2]]
False [[6, 3], [], [], [4, 1], [5, 2], []]
False [[6, 3], [], [], [4, 1, 2], [5], []]
False [[6, 3], [], [], [4, 1, 2], [], [5]]
False [[6, 3], [], [], [4, 1], [2], [5]]
False [[6, 3], [], [], [4], [2, 1], [5]]
False [[6, 3], [], [], [4], [2], [5, 1]]
False [[6, 3], [], [], [4], [2, 1], [5]]
False [[6, 3], [], [], [4, 1], [2], [5]]
False [[6], [3], [], [4, 1], [2], [5]]
False [[6], [3], [], [4], [2, 1], [5]]
False [[6], [3], [], [4], [2], [5, 1]]
False [[6], [3], [], [4], [], [5, 1, 2]]
False [[6], [3], [], [4], [2], [5, 1]]
False [[6], [], [3], [4], [2], [5, 1]]
False [[6], [], [3, 4], [], [2], [5, 1]]
False [[6], [], [3, 4], [], [], [5, 1, 2]]
False [[], [6], [3, 4], [], [], [5, 1, 2]]
False [[6], [], [3, 4], [], [], [5, 1, 2]]
False [[6], [4], [3], [], [], [5, 1, 2]]
False [[6], [4, 3], [], [], [], [5, 1, 2]]
False [[6, 3], [4], [], [], [], [5, 1, 2]]
False [[6, 3, 4], [], [], [], [], [5, 1, 2]]
False [[6, 3], [4], [], [], [], [5, 1, 2]]
False [[6], [4, 3], [], [], [], [5, 1, 2]]
False [[6, 3], [4], [], [], [], [5, 1, 2]]
False [[6, 3], [], [4], [], [], [5, 1, 2]]
False [[6, 3], [4], [], [], [], [5, 1, 2]]
False [[6, 3], [], [4], [], [], [5, 1, 2]]
False [[6], [3], [4], [], [], [5, 1, 2]]
False [[6], [3, 4], [], [], [], [5, 1, 2]]
False [[6], [3, 4], [], [], [2], [5, 1]]
False [[6], [3], [4], [], [2], [5, 1]]
False [[6], [], [4, 3], [], [2], [5, 1]]
False [[6], [], [4, 3], [], [2, 1], [5]]
False [[6], [], [4], [3], [2, 1], [5]]
False [[6], [4], [], [3], [2, 1], [5]]
False [[6], [4], [3], [], [2, 1], [5]]
False [[], [4, 6], [3], [], [2, 1], [5]]
False [[], [4], [3, 6], [], [2, 1], [5]]
False [[], [], [3, 6, 4], [], [2, 1], [5]]
False [[], [], [3, 6, 4], [], [2], [5, 1]]
False [[], [4], [3, 6], [], [2], [5, 1]]
False [[], [4], [3], [6], [2], [5, 1]]
False [[], [4], [3], [6], [], [5, 1, 2]]
False [[], [4], [], [6, 3], [], [5, 1, 2]]
False [[], [], [4], [6, 3], [], [5, 1, 2]]
False [[], [], [4, 3], [6], [], [5, 1, 2]]
False [[], [3], [4], [6], [], [5, 1, 2]]
False [[], [], [4, 3], [6], [], [5, 1, 2]]
False [[], [], [4, 3], [], [6], [5, 1, 2]]
False [[], [], [4], [3], [6], [5, 1, 2]]
False [[], [], [4], [3], [], [5, 1, 2, 6]]
False [[], [], [4], [3], [6], [5, 1, 2]]
False [[], [], [4], [3], [6, 2], [5, 1]]
False [[], [], [4], [], [6, 2, 3], [5, 1]]
False [[], [], [4], [], [6, 2, 3, 1], [5]]
False [[], [], [4], [], [6, 2, 3], [5, 1]]
False [[], [], [4], [], [6, 2], [5, 1, 3]]
False [[], [], [4], [], [6, 2, 3], [5, 1]]
False [[], [], [], [4], [6, 2, 3], [5, 1]]
False [[], [], [4], [], [6, 2, 3], [5, 1]]
False [[], [], [4], [], [6, 2], [5, 1, 3]]
False [[], [], [4], [], [6], [5, 1, 3, 2]]
False [[], [], [4], [6], [], [5, 1, 3, 2]]
False [[], [], [4, 6], [], [], [5, 1, 3, 2]]
False [[], [], [4, 6], [], [2], [5, 1, 3]]
False [[], [], [4, 6], [], [2, 3], [5, 1]]
False [[], [], [4, 6], [3], [2], [5, 1]]
False [[], [], [4, 6], [], [2, 3], [5, 1]]
False [[], [], [4, 6], [3], [2], [5, 1]]
False [[], [], [4, 6, 3], [], [2], [5, 1]]
False [[], [], [4, 6], [3], [2], [5, 1]]
False [[], [], [4, 6], [], [2, 3], [5, 1]]
False [[], [], [4, 6], [], [2, 3, 1], [5]]
False [[], [], [4, 6], [], [2, 3, 1, 5], []]
False [[], [], [4, 6], [], [2, 3, 1], [5]]
False [[], [6], [4], [], [2, 3, 1], [5]]
False [[], [], [4, 6], [], [2, 3, 1], [5]]
False [[], [], [4, 6], [1], [2, 3], [5]]
False [[], [], [4], [1, 6], [2, 3], [5]]
False [[], [], [4, 6], [1], [2, 3], [5]]
False [[], [6], [4], [1], [2, 3], [5]]
False [[], [6], [4], [1, 3], [2], [5]]
False [[], [6], [], [1, 3, 4], [2], [5]]
False [[], [6], [], [1, 3, 4], [], [5, 2]]
False [[], [6], [4], [1, 3], [], [5, 2]]
False [[], [6], [4], [1], [3], [5, 2]]
False [[], [], [4, 6], [1], [3], [5, 2]]
False [[], [], [4, 6], [1, 3], [], [5, 2]]
False [[], [], [4, 6], [1, 3], [2], [5]]
False [[], [], [4, 6], [1, 3, 2], [], [5]]
False [[], [6], [4], [1, 3, 2], [], [5]]
False [[], [6], [], [1, 3, 2, 4], [], [5]]
False [[], [6], [], [1, 3, 2, 4], [5], []]
False [[6], [], [], [1, 3, 2, 4], [5], []]
False [[6], [], [], [1, 3, 2], [5, 4], []]
False [[6], [], [], [1, 3, 2, 4], [5], []]
False [[], [6], [], [1, 3, 2, 4], [5], []]
False [[], [6], [], [1, 3, 2, 4], [], [5]]
False [[], [6], [], [1, 3, 2], [4], [5]]
False [[], [6], [], [1, 3, 2, 4], [], [5]]
False [[], [6], [], [1, 3, 2, 4], [5], []]
False [[], [], [6], [1, 3, 2, 4], [5], []]
False [[], [], [6, 4], [1, 3, 2], [5], []]
False [[], [], [6], [1, 3, 2, 4], [5], []]
False [[], [], [6, 4], [1, 3, 2], [5], []]
False [[], [], [6, 4], [1, 3, 2], [], [5]]
False [[], [], [6, 4], [1, 3], [2], [5]]
False [[], [4], [6], [1, 3], [2], [5]]
False [[], [4], [6], [1], [2, 3], [5]]
False [[], [4, 6], [], [1], [2, 3], [5]]
False [[], [4], [6], [1], [2, 3], [5]]
False [[], [4], [6], [1], [2], [5, 3]]
False [[], [4], [6], [], [2, 1], [5, 3]]
False [[], [4], [], [6], [2, 1], [5, 3]]
False [[], [4], [], [6], [2, 1, 3], [5]]
False [[], [4], [6], [], [2, 1, 3], [5]]
False [[], [4], [6], [], [2, 1, 3, 5], []]
False [[], [4], [6], [], [2, 1, 3], [5]]
False [[], [4], [], [6], [2, 1, 3], [5]]
False [[], [4], [], [], [2, 1, 3, 6], [5]]
False [[], [4], [], [], [2, 1, 3, 6, 5], []]
False [[4], [], [], [], [2, 1, 3, 6, 5], []]
False [[], [4], [], [], [2, 1, 3, 6, 5], []]
False [[4], [], [], [], [2, 1, 3, 6, 5], []]
False [[], [4], [], [], [2, 1, 3, 6, 5], []]
False [[], [4], [], [], [2, 1, 3, 6], [5]]
False [[], [4], [], [6], [2, 1, 3], [5]]
False [[], [4], [], [6], [2, 1], [5, 3]]
False [[4], [], [], [6], [2, 1], [5, 3]]
False [[4], [], [6], [], [2, 1], [5, 3]]
False [[4], [6], [], [], [2, 1], [5, 3]]
False [[4], [], [6], [], [2, 1], [5, 3]]
False [[4], [], [6], [], [2, 1, 3], [5]]
False [[4], [6], [], [], [2, 1, 3], [5]]
False [[4], [6], [], [], [2, 1], [5, 3]]
False [[], [6, 4], [], [], [2, 1], [5, 3]]
False [[], [6, 4], [], [], [2], [5, 3, 1]]
False [[], [6], [4], [], [2], [5, 3, 1]]
False [[], [6], [], [4], [2], [5, 3, 1]]
False [[], [6], [4], [], [2], [5, 3, 1]]
False [[], [6], [4], [], [], [5, 3, 1, 2]]
False [[6], [], [4], [], [], [5, 3, 1, 2]]
False [[6], [4], [], [], [], [5, 3, 1, 2]]
False [[6], [4], [], [], [2], [5, 3, 1]]
False [[6], [], [4], [], [2], [5, 3, 1]]
False [[6], [], [4], [], [], [5, 3, 1, 2]]
False [[], [6], [4], [], [], [5, 3, 1, 2]]
False [[], [6], [4], [], [2], [5, 3, 1]]
False [[], [6], [4], [], [], [5, 3, 1, 2]]
False [[], [6], [4], [], [2], [5, 3, 1]]
False [[], [6], [4], [2], [], [5, 3, 1]]
False [[], [], [4, 6], [2], [], [5, 3, 1]]
False [[], [6], [4], [2], [], [5, 3, 1]]
False [[], [6], [4], [], [2], [5, 3, 1]]
False [[], [6], [4], [], [], [5, 3, 1, 2]]
False [[], [6, 4], [], [], [], [5, 3, 1, 2]]
False [[], [6, 4], [], [], [2], [5, 3, 1]]
False [[], [6, 4], [], [], [], [5, 3, 1, 2]]
False [[], [6], [4], [], [], [5, 3, 1, 2]]
False [[], [6], [4], [], [2], [5, 3, 1]]
False [[], [6], [4], [2], [], [5, 3, 1]]
False [[], [6], [4], [2], [1], [5, 3]]
False [[], [6], [4], [], [1, 2], [5, 3]]
False [[], [6, 4], [], [], [1, 2], [5, 3]]
False [[], [6, 4], [], [2], [1], [5, 3]]
False [[], [6, 4], [], [2, 1], [], [5, 3]]
False [[4], [6], [], [2, 1], [], [5, 3]]
False [[4], [6], [1], [2], [], [5, 3]]
False [[], [6, 4], [1], [2], [], [5, 3]]
False [[4], [6], [1], [2], [], [5, 3]]
False [[], [6, 4], [1], [2], [], [5, 3]]
False [[], [6], [1, 4], [2], [], [5, 3]]
False [[], [6, 4], [1], [2], [], [5, 3]]
False [[], [6, 4], [1], [], [2], [5, 3]]
False [[], [6, 4], [1], [2], [], [5, 3]]
False [[], [6, 4], [1, 2], [], [], [5, 3]]
False [[], [6, 4, 2], [1], [], [], [5, 3]]
False [[], [6, 4], [1, 2], [], [], [5, 3]]
False [[], [6], [1, 2, 4], [], [], [5, 3]]
False [[], [6], [1, 2], [4], [], [5, 3]]
False [[], [6], [1, 2], [4], [3], [5]]
False [[], [6], [1, 2], [], [3, 4], [5]]
False [[], [6], [1], [2], [3, 4], [5]]
False [[], [6], [1], [2], [3, 4, 5], []]
False [[6], [], [1], [2], [3, 4, 5], []]
False [[6], [], [1], [2], [3, 4], [5]]
False [[6], [], [1, 2], [], [3, 4], [5]]
False [[6], [], [1], [2], [3, 4], [5]]
False [[6], [], [1], [2], [3], [5, 4]]
False [[6], [], [1, 2], [], [3], [5, 4]]
False [[6], [], [1, 2], [3], [], [5, 4]]
False [[6], [], [1, 2, 3], [], [], [5, 4]]
False [[6], [], [1, 2, 3], [], [4], [5]]
False [[6], [], [1, 2], [3], [4], [5]]
False [[6], [], [1, 2], [], [4, 3], [5]]
False [[6], [], [1, 2], [], [4, 3, 5], []]
False [[], [6], [1, 2], [], [4, 3, 5], []]
False [[], [6], [1, 2], [], [4, 3], [5]]
False [[], [6, 2], [1], [], [4, 3], [5]]
False [[2], [6], [1], [], [4, 3], [5]]
False [[2], [6, 1], [], [], [4, 3], [5]]
False [[2], [6, 1], [], [], [4, 3, 5], []]
False [[], [6, 1, 2], [], [], [4, 3, 5], []]
False [[2], [6, 1], [], [], [4, 3, 5], []]
False [[2], [6], [1], [], [4, 3, 5], []]
False [[2], [6], [1], [], [4, 3], [5]]
False [[2, 6], [], [1], [], [4, 3], [5]]
False [[2, 6], [], [], [1], [4, 3], [5]]
False [[2, 6], [], [], [1], [4], [5, 3]]
False [[2, 6], [], [], [1], [], [5, 3, 4]]
False [[2, 6], [], [], [], [1], [5, 3, 4]]
False [[2, 6], [], [], [], [1, 4], [5, 3]]
False [[2, 6], [], [], [], [1], [5, 3, 4]]
False [[2, 6], [], [], [], [], [5, 3, 4, 1]]
False [[2, 6], [], [], [], [1], [5, 3, 4]]
False [[2, 6], [], [], [1], [], [5, 3, 4]]
False [[2, 6], [], [], [], [1], [5, 3, 4]]
False [[2, 6], [], [], [], [], [5, 3, 4, 1]]
False [[2], [6], [], [], [], [5, 3, 4, 1]]
False [[2], [6], [], [], [1], [5, 3, 4]]
False [[2], [6], [], [1], [], [5, 3, 4]]
False [[2], [6], [], [1], [4], [5, 3]]
False [[2], [6], [1], [], [4], [5, 3]]
False [[], [6, 2], [1], [], [4], [5, 3]]
False [[], [6, 2, 1], [], [], [4], [5, 3]]
False [[], [6, 2, 1], [], [4], [], [5, 3]]
False [[1], [6, 2], [], [4], [], [5, 3]]
False [[], [6, 2, 1], [], [4], [], [5, 3]]
False [[], [6, 2, 1], [], [], [4], [5, 3]]
False [[1], [6, 2], [], [], [4], [5, 3]]
False [[1], [6, 2], [], [4], [], [5, 3]]
False [[], [6, 2, 1], [], [4], [], [5, 3]]
False [[], [6, 2], [1], [4], [], [5, 3]]
False [[], [6, 2], [], [4, 1], [], [5, 3]]
False [[], [6, 2], [], [4, 1], [3], [5]]
False [[], [6, 2], [1], [4], [3], [5]]
False [[], [6, 2], [], [4, 1], [3], [5]]
False [[], [6, 2], [], [4, 1], [], [5, 3]]
False [[], [6, 2], [], [4], [1], [5, 3]]
False [[], [6, 2], [4], [], [1], [5, 3]]
False [[], [6], [4, 2], [], [1], [5, 3]]
False [[], [6], [4, 2], [], [], [5, 3, 1]]
False [[6], [], [4, 2], [], [], [5, 3, 1]]
False [[6], [], [4, 2], [], [1], [5, 3]]
False [[6], [], [4], [2], [1], [5, 3]]
False [[6], [4], [], [2], [1], [5, 3]]
False [[6], [4], [], [2], [1, 3], [5]]
False [[6], [4], [], [2], [1], [5, 3]]
False [[6], [4], [2], [], [1], [5, 3]]
False [[6], [4], [], [2], [1], [5, 3]]
False [[6], [4], [], [2], [], [5, 3, 1]]
False [[6], [4], [], [], [2], [5, 3, 1]]
False [[6, 4], [], [], [], [2], [5, 3, 1]]
False [[6, 4], [], [], [2], [], [5, 3, 1]]
False [[6, 4], [], [2], [], [], [5, 3, 1]]
False [[6, 4], [], [2], [], [1], [5, 3]]
False [[6, 4], [2], [], [], [1], [5, 3]]
False [[6, 4], [2], [], [], [1, 3], [5]]
False [[6, 4, 2], [], [], [], [1, 3], [5]]
False [[6, 4, 2], [], [], [3], [1], [5]]
False [[6, 4, 2], [], [3], [], [1], [5]]
False [[6, 4, 2], [], [3], [], [1, 5], []]
False [[6, 4, 2], [], [3], [5], [1], []]
False [[6, 4, 2], [], [3, 5], [], [1], []]
False [[6, 4, 2], [5], [3], [], [1], []]
False [[6, 4, 2, 5], [], [3], [], [1], []]
False [[6, 4, 2], [5], [3], [], [1], []]
False [[6, 4, 2], [5], [3], [], [], [1]]
False [[6, 4, 2, 5], [], [3], [], [], [1]]
False [[6, 4, 2, 5], [], [], [3], [], [1]]
False [[6, 4, 2, 5], [], [], [], [3], [1]]
False [[6, 4, 2, 5], [], [], [3], [], [1]]
False [[6, 4, 2, 5], [], [], [3], [1], []]
False [[6, 4, 2, 5], [], [], [], [1, 3], []]
False [[6, 4, 2], [5], [], [], [1, 3], []]
False [[6, 4], [5, 2], [], [], [1, 3], []]
False [[6, 4], [5, 2], [], [3], [1], []]
False [[6, 4, 2], [5], [], [3], [1], []]
False [[6, 4, 2], [5], [3], [], [1], []]
False [[6, 4, 2], [5], [3], [1], [], []]
False [[6, 4], [5, 2], [3], [1], [], []]
False [[6, 4, 2], [5], [3], [1], [], []]
False [[6, 4, 2], [], [3, 5], [1], [], []]
False [[6, 4, 2], [], [3], [1, 5], [], []]
False [[6, 4, 2], [], [], [1, 5, 3], [], []]
False [[6, 4, 2], [], [3], [1, 5], [], []]
False [[6, 4], [2], [3], [1, 5], [], []]
False [[6, 4, 2], [], [3], [1, 5], [], []]
False [[6, 4, 2], [3], [], [1, 5], [], []]
False [[6, 4, 2], [3], [5], [1], [], []]
False [[6, 4, 2], [3], [5], [], [1], []]
False [[6, 4, 2], [], [5, 3], [], [1], []]
False [[6, 4, 2], [], [5], [3], [1], []]
False [[6, 4, 2], [], [], [3, 5], [1], []]
False [[6, 4, 2], [], [], [3, 5, 1], [], []]
False [[6, 4, 2], [], [], [3, 5], [1], []]
False [[6, 4], [2], [], [3, 5], [1], []]
False [[6, 4], [2], [], [3, 5], [], [1]]
False [[6, 4], [], [2], [3, 5], [], [1]]
False [[6, 4], [], [2], [3], [5], [1]]
False [[6, 4], [2], [], [3], [5], [1]]
False [[6, 4], [2], [3], [], [5], [1]]
False [[6, 4], [2], [3], [], [], [1, 5]]
False [[6, 4], [2, 3], [], [], [], [1, 5]]
False [[6, 4, 3], [2], [], [], [], [1, 5]]
False [[6, 4, 3], [2], [], [], [5], [1]]
False [[6, 4, 3], [2], [], [5], [], [1]]
False [[6, 4, 3], [2], [], [], [5], [1]]
False [[6, 4, 3, 2], [], [], [], [5], [1]]
False [[6, 4, 3], [2], [], [], [5], [1]]
False [[6, 4, 3], [2], [], [], [], [1, 5]]
False [[6, 4, 3, 2], [], [], [], [], [1, 5]]
False [[6, 4, 3, 2], [], [], [], [5], [1]]
False [[6, 4, 3, 2], [], [], [], [], [1, 5]]
False [[6, 4, 3, 2], [], [], [], [5], [1]]
False [[6, 4, 3], [2], [], [], [5], [1]]
False [[6, 4, 3], [2], [], [], [], [1, 5]]
False [[6, 4], [2, 3], [], [], [], [1, 5]]
False [[6], [2, 3, 4], [], [], [], [1, 5]]
False [[6, 4], [2, 3], [], [], [], [1, 5]]
False [[6, 4, 3], [2], [], [], [], [1, 5]]
False [[6, 4, 3], [], [2], [], [], [1, 5]]
False [[6, 4, 3], [2], [], [], [], [1, 5]]
False [[6, 4], [2, 3], [], [], [], [1, 5]]
False [[6, 4], [2], [3], [], [], [1, 5]]
False [[6, 4], [2], [], [3], [], [1, 5]]
False [[6], [2, 4], [], [3], [], [1, 5]]
False [[6, 4], [2], [], [3], [], [1, 5]]
False [[6, 4], [], [2], [3], [], [1, 5]]
False [[6, 4], [], [2], [], [3], [1, 5]]
False [[6], [4], [2], [], [3], [1, 5]]
False [[6], [4], [], [2], [3], [1, 5]]
False [[6], [4], [], [2, 3], [], [1, 5]]
False [[], [4, 6], [], [2, 3], [], [1, 5]]
False [[], [4, 6], [3], [2], [], [1, 5]]
False [[], [4], [3, 6], [2], [], [1, 5]]
False [[], [4], [3, 6], [2], [5], [1]]
False [[], [4, 6], [3], [2], [5], [1]]
False [[], [4, 6], [3], [], [5, 2], [1]]
False [[], [4, 6], [3], [], [5, 2, 1], []]
False [[], [4, 6], [], [3], [5, 2, 1], []]
False [[], [4, 6], [], [3, 1], [5, 2], []]
False [[], [4, 6], [1], [3], [5, 2], []]
False [[], [4], [1, 6], [3], [5, 2], []]
False [[], [4], [1, 6], [3], [5], [2]]
False [[], [4], [1, 6], [3], [], [2, 5]]
